                    """self.fold_indices = [(np.array([  0,   1,   4,   5,   7,   8,   9,  10,  11,  14,  15,  16,  17,
                                            18,  19,  20,  21,  24,  26,  27,  28,  29,  30,  31,  32,  33,
                                            35,  36,  37,  38,  40,  41,  47,  48,  50,  51,  52,  53,  54,
                                            55,  56,  57,  58,  59,  61,  62,  64,  65,  66,  67,  68,  70,
                                            71,  72,  74,  75,  76,  78,  79,  80,  81,  82,  83,  84,  85,
                                            86,  88,  89,  90,  91,  93,  95,  97,  98, 100, 101, 102, 103,
                                        105, 107, 108, 109, 117, 118, 119, 120, 121, 123, 125, 126, 127,
                                        128, 129, 130, 131, 132, 134, 136, 138, 139, 141]), np.array([ 42,  43,  44,  45, 110, 111, 112, 113, 114, 115]), np.array([  2,   3,   6,  12,  13,  22,  23,  25,  34,  39,  46,  49,  60,
                                            63,  69,  73,  77,  87,  92,  94,  96,  99, 104, 106, 116, 122,
                                        124, 133, 135, 137, 140])), (np.array([  0,   1,   2,   3,   4,   6,   7,   8,   9,  10,  11,  12,  13,
                                            14,  16,  18,  19,  21,  22,  23,  24,  25,  26,  27,  29,  30,
                                            31,  32,  34,  35,  36,  37,  39,  46,  47,  48,  49,  50,  51]), np.array([ 41,  42,  43,  44, 104, 106, 109, 110, 112, 114]), np.array([  5,  15,  17,  20,  28,  33,  38,  40,  45,  70,  79,  80,  81,
                                            93,  95,  97, 103, 105, 107, 108, 111, 113, 115, 119, 128, 130,
                                        131, 132])), (np.array([  2,   3,   4,   5,   6,   7,   9,  10,  12,  13,  15,  16,  17,
                                            18,  19,  20,  21,  22,  23,  24,  25,  27,  28,  29,  30,  31,
                                            32,  33,  34,  35,  37,  38,  39,  46,  48,  49,  51,  52,  54,
                                            55,  57,  58,  59,  60,  62,  63,  65,  66,  67,  68,  69,  70,
                                            71,  72,  73,  75,  76,  77,  79,  80,  81,  82,  83,  84,  85,
                                            87,  88,  90,  92,  93,  94,  95,  96,  97,  98,  99, 101, 102,
                                        103, 104, 105, 106, 107, 116, 117, 118, 119, 121, 122, 124, 125,
                                        126, 127, 128, 129, 130, 131, 132, 133, 134, 135, 136, 137, 138,
                                        139, 140]), np.array([ 40,  41,  44,  45, 108, 110, 111, 113, 114, 115]), np.array([  0,   1,   8,  11,  14,  26,  36,  42,  43,  47,  50,  53,  56,
                                            61,  64,  74,  78,  86,  89,  91, 100, 109, 112, 120, 123, 141,])), (np.array([  0,   1,   2,   3,   5,   6,   7,   8,  11,  12,  13,  14,  15,
                                            16,  17,  18,  20,  21,  22,  23,  25,  26,  28,  29,  31,  33,
                                            34,  35,  36,  37,  38,  39,  40,  46,  47,  49,  50,  53,  54,
                                            55,  56,  58,  60,  61,  62,  63,  64,  65,  67,  68,  69,  70,
                                            71,  72,  73,  74,  76,  77,  78,  79,  80,  81,  82,  85,  86,
                                            87,  89,  91,  92,  93,  94,  95,  96,  97,  98,  99, 100, 101,
                                        103, 104, 105, 106, 107, 116, 118, 119, 120, 121, 122, 123, 124,
                                        125, 127, 128, 129, 130, 131, 132, 133, 135, 136, 137, 138, 140,
                                        141]), np.array([ 41,  42,  43,  45, 108, 109, 111, 112, 113, 115]),
                                            np.array([  4,   9,  10,  19,  24,  27,  30,  32,  44,  48,  51,  52,  57,
                                            59,  66,  75,  83,  84,  88,  90, 102, 110, 114, 117, 126, 134,
                                        139])), (np.array([  0,   1,   2,   3,   4,   5,   6,   8,   9,  10,  11,  12,  13,
                                            14,  15,  17,  19,  20,  22,  23,  24,  25,  26,  27,  28,  30,
                                            32,  33,  34,  36,  38,  39,  40,  46,  47,  48,  49,  50,  51,
                                            52,  53,  56,  57,  59,  60,  61,  63,  64,  66,  69,  70,  73,
                                            74,  75,  77,  78,  79,  80,  81,  83,  84,  86,  87,  88,  89,
                                            90,  91,  92,  93,  94,  95,  96,  97,  99, 100, 102, 103, 104,
                                        105, 106, 107, 108, 109, 116, 117, 119, 120, 122, 123, 124, 126,
                                        128, 130, 131, 132, 133, 134, 135, 137, 139, 140, 141]), np.array([ 42,  43,  44,  45, 110, 111, 112, 113, 114, 115]), np.array([  7,  16,  18,  21,  29,  31,  35,  37,  41,  54,  55,  58,  62,
                                            65,  67,  68,  71,  72,  76,  82,  85,  98, 101, 118, 121, 125,
                                        127, 129, 136, 138]))]"""